RADIOTHERAPY ONLY

L   U
0   7
0   8
0   5
4   11
5   12
5   11
6   10
7   16
7   14
11  15
11  18
15  ---
17  ---
17  25
17  25
18  ---
19  35
18  26
22  ---
24  ---
24  ---
25  37
26  40
27  34
32  ---
33  ---
34  ---
36  44
36  48
36  ---
36  ---
37  44
37  ---
37  ---
37  ---
38  ---
40  ---
45  ---
46  ---
46  ---
46  ---
46  ---
46  ---
46  ---
46  ---
46  ---


RADIOTHERAPY AND CHEMOTHERAPY

L   U
0   22
0   5
4   9
4   8
5   8
8   12
8   21
10  35
10  17
11  13
11  ---
11  17
11  ---
11  20
12  20
13  ---
13  39
13  ---
13  ---
14  17
14  19
15  22
16  24
16  20
16  24
16  60
17  27
17  23
17  26
18  25
18  24
19  32
21  ---
22  32
23  ---
24  31
24  30
30  34
30  36
31  ---
32  ---
33  40
34  ---
34  ---
35  ---
35  39
44  48
48  ---
