mu 1 100000
tau 100001 200000
X[1] 200001 300000
X[2] 300001 400000
X[3] 400001 500000
X[4] 500001 600000
X[5] 600001 700000
X[6] 700001 800000
X[7] 800001 900000
X[8] 900001 1000000
X[9] 1000001 1100000
X[10] 1100001 1200000
X[11] 1200001 1300000
X[12] 1300001 1400000
X[13] 1400001 1500000
X[14] 1500001 1600000
X[15] 1600001 1700000
X[16] 1700001 1800000
X[17] 1800001 1900000
X[18] 1900001 2000000
theta[1] 2000001 2100000
theta[2] 2100001 2200000
theta[3] 2200001 2300000
theta[4] 2300001 2400000
theta[5] 2400001 2500000
theta[6] 2500001 2600000
theta[7] 2600001 2700000
theta[8] 2700001 2800000
theta[9] 2800001 2900000
theta[10] 2900001 3000000
theta[11] 3000001 3100000
theta[12] 3100001 3200000
theta[13] 3200001 3300000
theta[14] 3300001 3400000
theta[15] 3400001 3500000
theta[16] 3500001 3600000
theta[17] 3600001 3700000
theta[18] 3700001 3800000
